634649
414906
833425
568124
928381
753232
476669
800510
646385
890656
524434
768744
597208
871799
774825
585083
803114
632727
512195
783461
438695
801071
580489
624860
860623
635302
460458
928999
425909
335787
766907
508947
522016
823625
870671
566525
615904
511809
818647
811592
843241
926899
589761
916740
81774
585245
892153
806704
845404
459151
482321
591120
550988
840882
460465
436969
829358
337404
877183
516329
508943
791373
438631
370172
929436
739413
926980
763788
744275
522402
589754
592508
811072
930701
675445
385128
928769
497698
939336
703771
675353
774741
268
633802
617653
929472
406759
644495
451048
299536
685274
929477
19995
933357
936625
637649
609972
399566
796499
770254
836009
588228
529203
379686
876716
1930
581726
795514
523936
762433
826749
763164
527774
817648
787310
922885
525660
592350
639721
756403
568620
927855
726684
423108
272
895001
820511
775943
755812
839436
831223
885110
836225
102382
859041
790142
671
754934
923632
324786
347201
354912
429617
303857
317442
24428
458576
728526
613504
879440
763148
829920
670429
640265
284052
464052
672582
760517
823610
198663
299534
20982
610253
772436
454626
632357
862491
772272
49026
631843
260514
899082
228150
453354
585
537915
672
674
673
831827
665828
315635
1865
588921
646380
784500
611651
602223
520763
719088
896221
557
618162
630004
587807
522444
38234
155
482373
581387
559
768447
656991
6479
324857
293660
385687
610150
13811
7445
573164
892835
505262
574060
774021
744276
810693
400160
675
539885
793967
12445
893941
492999
340553
623135
586047
887767
760195
920143
106646
571891
508442
645788
24021
39254
626735
767
8587
862
604822
866408
675319
808
831405
209112
813258
861057
372058
706972
785538
177572
848278
843906
615457
283566
572154
673309
271110
122917
99861
10138
823609
764835
58
330457
61979
618851
672322
14836
846214
550205
2062
22
818192
529106
863
531219
864390
34433
597890
32657
285
276907
754067
216015
364
57214
532067
656663
654974
475557
503736
159211
634528
595743
787752
922017
767304
337401
425
805411
245842
629542
848932
284053
940332
12444
637693
75780
22832
763025
614917
696806
641501
576845
768449
681887
809
335983
8960
453395
10674
619297
567189
474350
126963
25769
913862
802401
637534
729720
662237
98566
505026
22894
741074
27205
772388
337167
214756
15092
657644
49013
14161
118406
522478
11224
260346
871964
131631
4564
789708
72331
384018
893164
814608
118
72190
343611
383498
763152
617502
676840
297762
590706
675024
680860
630586
44251
38757
112355
882206
691777
597316
18785
834404
10193
76338
337339
43347
581392
10144
109445
72545
876262
138843
259693
298618
335797
8355
284054
348893
631132
449406
937337
671043
120
850818
378064
776821
835551
841755
825997
68726
259316
755437
301528
9023
601980
716810
859860
526896
57800
743439
8966
75624
767377
10195
832277
396535
166426
630639
39106
615658
24418
135397
581644
420818
725273
4248
602063
895006
760747
619778
34851
568160
645886
49051
440249
38575
495764
447404
338953
351286
207703
662708
591273
14160
38365
35
18240
801335
1726
121
597
10020
415
157336
560144
9637
777350
778552
618353
512200
343668
38700
122
68721
18095
278154
45243
714968
9373
10196
810
496243
864116
410113
408
225886
341174
49530
150540
9806
321612
168259
507086
12
775996
604360
411
188070
740925
141052
524369
793147
874948
881211
87101
12153
950
664236
24752
11322
50620
44912
129
595172
49529
9820
3933
269149
585216
12429
375794
23168
809314
294254
486589
381749
458156
324552
260513
119450
811367
324849
607259
597891
895003
727745
44943
26123
91314
4247
436931
602734
854442
603
264729
16869
109418
307081
10781
881594
50619
254128
553604
140300
577922
882093
404368
615677
263115
591274
10192
270946
441168
23823
283995
939243
811948
522241
57158
567006
366170
953
10358
760336
606523
345938
534
82690
296096
70981
9732
37135
39105
554596
615
777620
739990
39108
550
812204
636879
71676
33273
14869
820232
18823
656940
412656
809778
597433
76341
888492
576393
10198
655431
50546
336843
49521
27578
22803
676845
607383
338952
82675
793723
610133
554594
77338
602288
1771
50723
762879
632632
678580
39100
420809
333339
9543
11688
246655
44571
299537
186579
290859
658558
59440
617708
49444
278
265712
484718
330081
480530
39101
72105
11836
39107
849938
912649
766105
723072
4935
302699
21208
62177
439079
9502
786300
524251
345940
920
400155
102651
28510
581389
933547
736074
4258
819413
42194
8871
677638
730840
578908
720026
734115
232672
263472
373571
4232
46195
643586
16996
140607
371370
398818
11970
381284
10895
109689
127585
9487
2048
262500
433945
857702
736069
181812
150689
280002
76492
241848
39104
3170
10009
600583
340102
11
47971
36728
575249
105864
62211
420817
785545
74513
433422
280
136797
347626
238
13186
736073
147441
297761
190859
512025
454983
45610
76617
458220
39103
257344
530079
565028
503314
193893
766680
542178
13448
790523
730047
49519
681019
197158
297802
504253
11360
287947
41630
8920
37430
11544
575088
166428
471335
527776
524047
305470
198184
669671
399579
10693
37724
20352
899405
812
390043
793002
846167
17581
156022
102899
940497
414
131634
346910
10191
497
509635
123553
578701
48138
776503
125509
800497
295830
45682
20533
75656
30497
12092
439157
808023
839440
277217
10567
9325
857
268896
13640
1579
39513
587996
335984
109439
55846
561
18239
43549
93456
312221
647302
599281
311324
570503
363088
446893
20526
594328
316727
157350
50253
265208
553835
6844
76726
57165
27576
667520
447362
245891
23629
60304
9552
799844
715658
739542
11430
533535
700127
520946
20662
649409
335988
442249
792657
476292
413594
41154
10681
9948
283366
864873
602269
752623
126889
427641
39102
651571
286217
71552
523931
300671
537056
381288
10585
41446
591275
82702
43074
521029
339984
527641
544401
809968
864388
8681
339846
665251
1724
71672
24593
649087
763532
76757
506574
86331
75948
351694
653349
9902
407440
159824
56292
456740
364689
12230
593910
274855
409502
10882
501841
671583
172385
718867
412117
645856
51620
117251
554230
605
531499
748501
52520
281338
62835
675327
804435
20222
324852
17654
10607
901407
663558
553301
342470
351819
287590
124905
615678
522627
511679
23047
10112
105965
293167
139038
680
382190
353486
158015
9702
871875
613200
760926
714277
522938
11036
37645
621870
184315
7555
14574
19908
653740
240832
11674
13053
76600
785539
34544
317960
14306
73456
564
451156
920394
23988
249070
206647
689249
772
10066
431819
181808
786705
15016
374205
721656
10201
4256
138103
2454
338967
573699
919348
537116
741636
522931
453071
615666
396422
14849
382322
38055
176983
81188
136418
8363
200085
763149
346364
553839
718032
454640
9769
16119
20048
80321
37786
228326
714194
649928
10137
765245
424277
534338
10340
10555
1734
169917
110415
1369
10386
70160
76163
339403
64690
51876
187017
42684
19994
847981
353081
400535
75174
360920
256591
10054
860720
454286
812456
788905
134374
39323
570269
101299
37834
604
340666
4233
738215
117263
64635
242582
16290
184345
43959
15165
646207
13002
359724
11187
13
15167
49018
10527
37686
763285
760883
662546
448383
252
179826
68718
652004
9479
428078
766798
87428
13475
269437
58857
137113
11699
11932
559957
42246
716612
573680
400928
645710
106
13971
4257
84354
1374
630240
726739
8392
350
779202
101
637
291805
346672
238636
23023
681260
497859
695568
15015
407439
333484
350499
14405
277216
128
664168
567690
9532
61927
49849
81796
291870
174772
320288
75258
4234
53182
590995
567609
879163
580532
727293
10010
119698
19840
44263
560050
539140
43947
205584
82023
38594
9316
166424
522406
47933
858815
508439
743904
897411
638134
450465
123025
44896
19912
659940
381890
100402
535845
644083
471707
48340
750253
393345
256040
13654
571265
176
569094
660982
7980
1427
763873
8275
424694
26338
592656
9286
227859
17134
391757
258489
61791
385103
95963
193610
1368
638507
329865
14248
698320
1250
20875
105
703745
625450
447332
603692
785752
403310
273481
545609
37735
12155
23483
571391
466282
313297
46528
331482
136795
749618
417320
615982
618344
142061
14128
87421
14001
613583
15255
460019
7443
719164
758866
17610
777270
10545
599975
16366
340382
228967
308266
37169
345887
359983
49021
860425
297270
273477
592695
615500
281957
480414
785533
378236
68737
11249
8277
621013
9078
1370
810873
58574
205596
453405
207768
530385
11770
257346
423204
711475
9836
769
34813
20453
489
791910
644092
613098
454527
682254
22794
481084
39324
262504
98
747984
91586
440
506680
22881
572802
296
34134
326359
506482
347548
652
362585
2105
218
9358
189349
240
19899
597398
787009
802504
10588
587496
756
118340
622420
694560
16985
768334
68735
228165
111
12242
214
58233
11631
41513
424783
809972
51608
633515
6466
10521
381289
81005
8961
797394
278924
156717
680319
222935
676842
431693
57201
638566
10501
18861
583833
461083
575322
34168
776515
72431
13027
369299
254
38322
567748
10140
419430
449443
4523
570508
779611
181533
19173
58595
664413
424
807196
300669
807
732450
650
244786
55779
251519
76489
47964
1364
694
552687
614409
36557
472027
509967
5175
189
899338
558
353491
721625
200727
1267
13700
494407
136799
11041
41733
429
585378
648990
4348
853588
300665
166666
399402
206487
874043
347126
475215
9444
9016
796849
188927
876576
250546
280092
9340
841
146233
9488
546554
2109
15969
377
572609
598331
210577
52629
517088
2770
14560
683127
299687
5559
1691
600
34584
16907
890601
802217
14442
628900
10202
10625
676
274854
59859
64688
55301
379088
583083
594718
37710
14199
424139
640
428707
397567
120475
462883
539892
480157
616651
348
12279
23631
74997
466272
665
805051
646696
37797
330459
23827
718633
215
888
10591
16995
278927
552095
119892
43593
315837
9792
431580
338762
1271
576004
716258
537061
8982
800823
522681
76589
679
7485
623491
13474
109451
800425
476968
236751
914241
13688
737568
532321
40662
6477
568012
8456
663
1265
13285
513347
315465
776305
287948
197
406990
878962
854
78215
364111
10950
59429
445030
621151
290764
346651
648964
630
339964
911071
28609
493922
300168
338970
348350
185
74998
65759
121734
14164
19458
44874
11324
667257
192141
14324
162
308531
9072
402900
67308
225914
23398
119283
406997
835739
10948
411088
643532
79082
282070
474335
77866
722778
412520
100042
504631
169
62213
624963
171581
80035
82700
41439
289720
291167
405882
522162
175112
417859
18360
114
27581
342473
249397
752
16859
753230
149
49520
9297
290595
302666
691179
339380
619264
761898
73
1366
68724
9904
524216
10867
28005
11351
680531
241259
518244
345
227348
318256
583689
10515
60747
22538
11024
842171
20829
882098
93837
95
120467
354556
49040
433
571627
37211
43949
50544
448969
361743
43539
300668
314095
602
581528
9880
242828
13078
383887
59108
569016
8839
720998
471506
342588
549787
136400
62206
406563
40095
578
620
23566
7342
10530
10229
10184
18126
419479
169209
127380
88751
25642
216282
378108
7446
12244
82703
259072
321528
910596
372519
82633
5255
419743
745881
754342
448387
243688
8922
839100
18
496450
201088
223702
14564
1893
9757
615129
852663
180147
24122
900887
183011
10012
121856
399057
476044
438148
501929
38408
589082
73245
682532
22970
1402
295693
127533
16523
567604
136835
609202
15370
4922
1924
19288
502581
732472
98567
692969
2667
405774
310
882812
103
15070
28178
452773
45162
390734
14444
254470
170
270771
257445
817451
671318
54138
91342
778814
543540
177677
2907
621876
87
4011
19913
475430
399897
1895
880009
1495
256835
12556
10529
15373
228161
5176
9982
8358
323372
666750
45781
15906
726429
204082
15512
16577
84226
823855
50646
153518
44214
110420
13788
77931
49524
157433
379291
601
85
1735
474392
7512
479455
4488
8645
13680
6499
826914
764
1359
14411
20943
9928
22804
15616
282069
1562
10483
296099
492606
133805
9737
80410
458253
744
73723
852590
128748
616851
458897
44683
428045
637920
5174
481848
72571
664767
360249
13284
38
335360
298
745
435
78049
2978
667141
323272
86834
924
949
76285
444308
7518
776797
533642
18198
726208
9714
499701
6114
16337
840283
73861
447200
8913
1375
55341
149870
954
151960
13004
10764
16910
399035
79218
9480
2300
283984
1894
4951
869
583081
776909
442062
274857
36647
257211
397243
7549
13207
8273
401981
670428
8965
1487
564251
267860
239523
7131
146216
607
217993
802
8698
374720
5336
603661
316029
13761
929
796428
2758
522518
82881
227719
65291
109428
93856
10214
332210
6795
357096
595149
448119
460793
440471
16234
1927
282035
897243
13283
163
4552
14438
16353
13387
11284
11886
530915
252838
1979
483898
356305
129533
438799
23172
118365
17899
258509
11917
539
207
1091
138832
1690
22855
511987
559907
24615
227159
523536
9335
195589
1954
232842
16871
10052
218043
137106
253412
133121
214553
709629
11359
483455
514710
487242
87827
153104
840756
9725
9431
350640
7220
11283
285812
877824
82654
180299
571648
660120
825597
516052
8274
417870
50270
601666
11690
448441
392044
513310
25018
10661
198375
270303
256274
1371
70
10065
242
785537
24
774714
82507
11186
575813
413518
608804
627661
320846
300803
370663
339692
44833
81
16962
296524
508763
9323
374195
611489
5548
77877
9291
12222
41233
551804
298115
710
387893
501928
1367
1372
9272
267935
25475
77174
499932
785457
321258
22164
71880
843388
379149
631947
211672
431821
22512
333596
802119
110552
522417
14069
588
460668
83090
137116
10830
922835
334543
336882
575774
654028
45612
9348
454619
21191
11001
638597
2661
9339
769749
280217
238713
128246
1417
19286
532444
83088
242643
874960
72387
20760
429351
4108
397422
213927
627290
245992
716703
565426
462677
77951
173185
28874
78
882102
98613
9837
16780
675490
8835
484641
144336
10679
375588
11852
9334
595280
10996
393
657811
221732
242546
474395
239563
659986
17979
42941
664332
65650
845222
12225
158852
72559
71670
10865
42889
13375
11621
9378
192577
579188
407655
609242
934384
10439
1124
68728
500664
570670
1813
717192
65
736604
350312
1824
158011
257475
327833
4513
29993
608195
639933
267193
7191
227973
800305
918832
611698
260372
401478
12448
11238
809065
833971
195483
72213
366924
9594
76544
591
565
443791
399055
6637
115290
10925
153158
297556
277355
10285
385448
47533
458723
196867
553600
423
399360
592863
871
631969
8095
767504
9738
335796
59967
875460
18491
310131
62
39451
277
489245
332562
58224
354282
340613
403119
25195
472516
13183
33217
879
8643
470044
271718
736509
765169
613093
58431
9793
763240
517940
87825
412105
401609
80184
9992
608
45772
413644
167032
447743
79224
857910
438650
47327
646
176241
483980
756278
9730
18925
7278
24831
573531
2383
286558
208134
632617
50014
460399
515001
1634
9645
1573
373879
238615
890825
419680
753926
3049
82693
404733
741434
221731
12536
778730
283727
20077
43641
735364
10320
7451
595813
417384
11253
752455
311056
1885
9907
433950
376660
455839
9602
60307
36669
8204
5689
264660
1830
527660
499338
347969
323027
590223
55931
298250
10528
13523
395
207932
790496
13955
395990
51739
21705
75612
9353
299963
116711
21385
16000
459910
70436
9741
806950
762469
853
508138
774456
956
618354
122906
8009
57737
6537
1452
487186
19185
242512
1572
500
193756
23437
497582
449176
955
586954
343795
8810
9257
325348
503919
11237
496704
74
35019
11470
1949
1571
540901
21407
413126
311
38142
40700
11397
1620
18131
37165
421892
11619
1246
579047
616037
587065
937348
49527
11978
127521
77950
18937
325133
441282
10281
9762
1970
205126
10380
272693
10314
729097
8328
8656
38317
46529
575803
217
15575
302946
13417
201066
36586
12437
10024
51540
254473
532638
544810
667757
9513
20558
410685
14
758510
726916
419478
557950
112454
8916
160642
256961
141
66105
400136
424998
10096
716799
658
562
13179
154400
800099
1593
77459
184125
787
116322
7214
2405
44918
535292
749274
948
89636
1278
18405
417678
314
9711
395834
203801
180948
286548
138697
10283
8329
792
875828
161
70006
345009
114150
353616
181283
274870
323660
1255
539517
449985
27582
638449
132232
539537
13205
10294
107846
622855
673319
207933
1585
168903
471498
11130
293863
438788
704264
756999
271706
29751
818809
725649
341013
11811
370455
390062
616
7978
4638
235260
137227
347754
2668
28
560527
391713
426543
581997
345920
26389
7347
1422
251
44040
393457
728791
602411
25565
645488
249660
17101
467037
714
17165
609
593655
116149
420634
2503
461053
501170
1624
699
287757
10947
36955
185341
16140
16007
445651
13596
415214
34480
8078
9470
105379
127372
7484
453362
265147
61012
9495
89
328387
433128
406429
59860
346685
869617
38057
11887
401043
9477
395992
11134
536115
36593
384798
72784
273248
581
179053
598
516632
9603
62214
86130
633954
2019
19556
738542
194
194662
514207
142
463821
661791
395991
513421
63
1637
389
8373
80389
41498
800669
416194
347375
11298
710871
556803
712121
440021
715123
7840
621
83201
9471
39538
11969
599521
243683
4141
8856
476299
670
266285
264419
741998
297
17445
50468
220845
345911
49047
290864
446894
855
310119
747
8697
499464
445954
283378
10676
9567
10992
479718
310307
614911
284427
479957
368940
681429
657
22620
448776
116745
695727
284289
6957
556901
9360
45139
51828
144288
137094
628
422585
9070
891657
9654
68812
13888
335778
13851
1992
454699
27584
109520
409421
15283
12180
82390
204450
109414
434203
16418
362584
555974
242224
60935
431259
10047
296917
927
853088
1904
27022
77805
829
184314
537055
4327
489999
681
10225
533715
315064
429415
56832
559969
83091
10495
514439
38199
449562
300673
316023
470878
38745
11212
9728
44728
375533
2059
2251
891743
74135
520725
667538
10330
491480
9509
41283
10014
11459
579051
613860
287424
928
82650
747688
877669
15601
277547
699102
408355
2123
2501
422641
510
325358
818659
597102
118301
761270
10022
9352
227200
541524
134162
490132
484886
8467
2502
162092
666624
196
37707
22683
581734
346
50765
60405
398978
39144
396806
17431
477489
667
339967
428292
453
271969
277597
255718
218454
171424
56288
3980
426
1701
11247
290098
261470
37056
9679
218836
554590
393003
49730
698508
1891
157845
75
11778
861
268531
425134
272878
467988
161337
77663
9012
16052
45752
644
219247
9874
48988
547565
533514
5879
94365
15137
570480
518158
513691
351964
644089
196254
9731
11104
351460
408647
329996
18269
32471
65851
422642
77
1656
1360
451644
516486
374853
9336
491418
12599
372758
11679
619979
370964
181656
399019
465086
22705
730629
405775
45233
10999
286873
293768
536841
240483
765
9273
856
235
445571
525460
18009
165
13459
467615
31967
444090
205587
367326
10634
16538
171274
700
10019
246464
8367
277834
72358
73935
318846
339527
557635
447365
171823
36643
432130
286567
64328
657561
62395
530581
439015
2034
9641
257088
11230
504997
480881
41280
788929
14003
402
382602
471474
484862
34295
10474
408648
9482
5653
14011
655082
334298
438551
192712
134375
524
11565
514999
878231
270774
2082
834
428099
537996
105444
161143
274862
433808
10228
9100
799497
11357
80278
447399
660
585244
98357
6171
204342
20504
9399
15657
73499
9319
4476
14863
22787
44826
22824
559800
10866
29826
375848
334533
38050
741228
205081
9475
796822
57157
611914
521777
500922
10601
9604
290512
30061
9618
591538
10823
79
85446
10610
11362
11533
56903
44727
1281
44731
15859
63710
580077
14873
152259
708
967
205775
452970
392681
264999
9362
13460
20544
518068
473149
400650
582014
333371
682
13885
732670
1645
10315
8923
529216
51482
730028
881
8689
339988
979
19114
339530
301337
563
784594
123
324670
10413
722913
514593
276624
22949
9453
10216
12207
38303
230179
37821
598014
32856
496349
208515
94329
44244
14624
205724
283552
16761
944
774372
254904
363676
390054
438590
547912
689700
438640
3050
329
254320
228205
666243
526051
337170
619432
1995
2024
42968
4858
2135
13161
714338
14191
602307
299824
11178
335788
266294
512895
606856
388399
266647
780382
9802
755
10073
5825
361380
9462
27579
667969
568091
514847
14613
885458
470035
11045
354857
297961
107985
478253
773660
382517
150213
324558
9669
309425
107
83542
334074
11013
64682
940075
1669
377897
50388
407436
8068
467938
77930
694256
24528
454458
180
25132
470114
435601
13313
9387
9610
659954
322
838995
35056
459202
883648
460648
22843
203474
241251
748224
2899
270938
301351
11299
378385
455207
12162
826733
111332
298312
63492
853253
33542
21316
447665
1621
51481
6145
25278
265851
1646
9481
64694
13461
388
115223
26736
433498
11231
112160
10159
346808
201085
44115
266856
38167
754
14830
461130
87516
212167
283445
15403
401917
11531
44048
261392
292040
211387
4192
472035
339060
30636
13154
442065
457799
275619
187
1931
11007
161822
326947
1892
52795
384521
1977
37799
458594
9975
943
551824
652754
84892
529149
152532
520466
11636
9739
426613
2756
796
375366
381719
49017
672742
436391
23452
454294
324668
424121
9906
26022
413736
14636
249164
613911
50321
650783
11838
782
9003
9312
315011
39145
485415
408220
506281
424632
44730
226486
82990
248509
684281
28260
814
840427
272818
340945
400106
13649
242310
19287
708336
2666
80274
942
116776
788
464889
379170
335
343674
9659
29996
323675
717728
17111
467248
629
463843
288985
106164
39691
11046
365222
175574
550776
14919
492188
733491
3981
97020
241554
137
365942
641960
402529
691
36691
36670
17578
366654
313369
1268
13510
1933
375262
9539
187596
2330
533
816
700028
427564
321494
346648
80280
724475
10957
211954
33408
28355
39057
76493
16306
656690
430040
1635
9889
4133
109431
729791
502292
19404
698940
530382
82695
718930
407375
2675
14435
911583
417261
57089
76025
399404
2525
256765
615453
17692
504172
197796
11596
841764
523638
841793
11879
14174
16187
39148
188207
390051
628802
643882
947
600354
84174
262841
12139
9426
447185
9598
9593
8764
116946
15999
4977
173705
656561
10060
290271
11442
10664
13056
458423
520663
204553
893204
583132
51880
9313
11114
5876
580
65057
438689
528085
9366
15
467433
21334
284274
594
1975
641790
14282
33875
487616
433251
15357
12106
235271
75638
340837
508642
484510
465136
2576
11090
6519
9355
613
627
22537
9506
145135
825805
505058
726664
396371
340676
381283
8077
13683
539681
10489
79516
75629
10402
582570
618355
434555
605116
10590
351339
9772
484247
14239
186
751394
464504
46441
21956
855823
3580
9493
845422
397852
10045
247849
402331
74465
54445
483906
9073
571
734796
318850
11052
940077
292177
300681
874300
13682
19918
788210
97630
642
20329
629017
30675
12594
2309
168672
614696
25472
441701
728754
179538
836950
412383
659384
9374
39514
594767
46304
512196
50410
15212
4970
91417
19543
9350
505642
619
83389
761053
537059
454
698
559581
14158
460790
699570
406994
259694
9823
14609
458305
432985
72570
12095
357786
88
9392
699254
294652
12182
10040
447163
37950
492336
111190
48391
185689
199153
2332
96826
252680
585381
630940
13225
808090
874299
55580
13394
2486
24150
275
579571
391
450873
16690
27769
884
439058
531309
632322
709
1577
14317
615643
548066
12405
500916
1018
8007
460846
3093
452006
258893
392536
69735
390845
535167
682908
3021
766
258230
54989
36648
471968
12600
10665
718022
277685
369885
4347
7340
40713
417644
1491
133931
7551
26505
306819
11451
9461
712
400157
445629
106909
774810
10348
1576
29427
3597
467909
682110
27066
396330
23049
37265
9804
263341
369698
127493
312526
884971
554241
579583
13994
418437
7182
672741
1581
3512
502416
96724
10837
26973
307479
8337
401469
416494
11011
380111
10975
630656
8393
10897
321487
21542
9349
421465
72710
885266
164
441130
262543
52451
239
16866
21057
16304
16318
633604
167073
9320
225745
553610
11452
653
13151
509730
25602
11418
25237
599399
90
570678
87818
592279
17097
211755
445993
332567
487297
88278
14611
59118
55
386716
11198
558144
452910
13515
606117
1398
2698
347688
770
9342
271954
1493
44729
11713
420622
818
10497
9030
399361
620725
6950
13991
508965
449992
10552
17809
2118
59
10431
473165
492719
71668
594530
610892
939091
381693
2057
203316
63311
914573
531876
25259
371608
578189
520901
587792
25961
53932
673392
1597
369552
10068
2567
2164
146
294272
360365
702936
772093
10991
513514
225574
322456
437557
5503
647
284303
397837
399170
11453
23446
485811
157547
534490
326284
468225
602654
8065
309886
396263
52449
462650
9678
150023
10494
611408
227306
10982
9778
274167
886563
6977
9946
817566
40205
8584
187257
487670
508
24402
9595
9626
9600
762
1584
225565
740985
48650
2268
324542
4982
15371
8247
929282
11216
635744
18011
40807
47626
7459
337719
25539
377670
670981
45491
228066
509874
11622
473033
22582
10189
227679
115
8741
431075
567797
353610
8487
156143
244566
1607
9655
9397
448779
390634
768939
25239
75735
10628
11423
84348
15157
553962
544431
555748
10172
411873
13354
156708
394374
615017
241863
941
836691
339259
1685
485942
646351
11127
7735
54318
63404
587
1588
617402
114478
417830
500852
10718
753453
10951
794960
1991
644583
768
37100
500713
338189
9390
11199
668343
238215
47407
384680
9408
336560
293767
1587
400090
37737
9381
23202
10802
183662
34803
10998
292280
360605
564082
8838
11205
254474
203739
539073
34636
1966
309809
716594
834800
210860
591278
373569
1903
14906
45317
19576
36419
440597
9029
9614
11051
81446
425505
449132
698916
11361
11824
888910
50124
59962
1586
10163
935
653615
57212
11906
385317
16221
10493
527280
10577
523849
1948
603603
152760
286668
966
326215
15567
355338
802699
361931
4032
817
31011
846
583406
68730
44667
463272
12233
376659
517814
361292
64686
203833
83533
346687
9354
582596
209247
38356
933944
887645
54540
540871
488623
406761
643550
862734
495193
333545
9760
72972
480042
4478
37933
43209
74078
382591
10796
293670
143049
738652
52505
415842
16270
41216
14254
6947
10471
316152
1636
84199
218746
31947
4442
11620
46198
359940
33689
469916
5925
262338
28468
12149
10808
462
15789
2114
204436
240916
429300
157386
437543
304023
244761
46261
12118
455551
404378
15144
9473
39319
707
437109
239529
425336
100241
7453
439213
871858
68817
18519
104
59436
332270
8413
791568
80518
38778
3604
8292
129743
1884
7345
873
795230
19
615665
710356
523777
345915
834500
822010
329440
207883
15997
855397
13355
84575
79698
615774
438747
1700
2157
452557
2671
617
478820
401146
874562
532142
6023
88042
9315
448344
943747
519182
177888
20312
6283
9383
536728
556678
13690
70435
9606
455980
384737
8909
463116
27
3600
517096
625561
11096
9303
47292
12903
814820
17074
9486
15653
297291
790529
640097
353070
377690
518764
874705
1578
483202
17532
99942
640103
412157
652837
7183
11153
65754
869602
16235
407650
12096
16258
690369
257091
394394
586097
55721
554585
16237
250480
387
34065
302156
10307
9032
38117
10987
20455
255692
269955
547016
14912
557968
38410
8848
718100
73134
268690
503616
673174
383785
213
544
617786
13009
858
560044
245917
16781
76203
802226
397873
571055
166076
459159
340442
377264
401773
9327
11220
195590
415749
16281
481836
515195
806
11954
96
112679
437311
11806
13648
582186
412519
531306
914
9472
12094
1280
743227
40722
8769
877
119738
152
433694
149871
68179
24100
212778
33
269173
376290
39203
8055
9798
15670
11774
4964
188161
6978
41436
484468
293
241
1639
710832
19580
9255
112205
97
819
11667
1391
146239
332283
934957
57876
411632
11587
1738
434757
663260
34297
49012
760104
21481
146301
11412
11661
224903
4550
318917
17918
79113
15472
839
618416
504982
504949
302429
153509
429471
16320
51052
11529
89492
25748
9454
2270
225925
513302
436270
450806
454992
785516
8488
204922
10956
580175
48171
2636
230222
9696
82424
7299
9276
525661
419831
10200
11474
785527
46169
407445
10152
520541
57718
879400
34004
122857
34067
870606
568
44132
475210
331781
451
492
527435
4995
11281
339404
18501
9666
332356
456154
146198
21832
552178
11850
70868
621191
822100
10069
2023
334541
2310
333669
134366
334521
407887
9619
107811
923
6075
13223
907
6312
450001
67900
405965
4553
453201
401898
10222
12184
13830
27310
79707
258284
20410
498248
10131
35558
405871
303903
59965
44865
1633
517116
11101
51162
624620
978
514995
470581
1535
623034
323661
2110
502425
42360
8536
36362
642208
11808
15400
693113
4588
860306
37136
414419
14249
245168
10027
2253
939984
8374
677179
16023
505914
581600
421313
319
435107
44282
575769
222461
627725
688
416153
718789
381902
44741
607334
51017
411840
8390
9476
17792
690957
2662
10030
18764
15080
255709
184098
307663
10974
9800
212470
9279
9425
149509
561362
758879
9056
2277
608813
1887
9994
41402
10771
71859
48231
15417
408266
1643
2898
842236
184341
2108
614934
567
76122
166268
10727
9871
811747
253
301365
540
20235
487672
3176
11918
659
8069
7305
7516
42297
10911
204788
10995
812592
913651
9388
889300
649524
539649
19101
251768
673595
884573
3602
152601
42949
258193
3175
399173
13809
522924
279254
2133
331313
10891
543583
25523
206192
36218
33645
384682
10715
15805
10110
408381
503
1911
417047
1498
389015
96721
126172
10637
2085
25
500921
698201
454227
302401
8869
519035
15121
180894
566222
634
457335
2335
355111
403605
409582
459992
297676
293082
1631
611468
117
32916
38321
10657
508664
416144
216527
435577
316322
535544
494471
38939
9268
625169
9753
78192
8703
72207
109080
561974
509853
16990
464502
340270
201223
15138
17189
11665
49517
287003
9825
732713
11586
9947
805
686
429200
548473
14092
230896
13195
545330
893484
357390
18892
100271
413052
10327
485621
5549
38358
382614
10127
167313
9564
140823
531428
199
10428
345235
50647
113082
10934
486947
326423
431530
335777
20941
416148
9920
14337
513223
86828
671266
6282
928607
788045
4283
244
10663
220289
109091
201
23169
736759
9377
500475
12610
289222
285213
13647
257785
12140
855420
2140
253980
957
533444
14711
19959
452507
163394
209189
11563
192
10623
813
260234
369972
919269
1955
546121
157544
480105
151535
184
240341
422803
843
936
628914
11976
877614
84228
530254
3131
184346
244478
13497
818415
1089
13490
44037
168098
287903
7553
18947
333622
412092
83899
4727
420426
527261
375846
9631
22954
473309
1428
519337
13836
368031
3558
19274
420814
446021
49797
7552
865370
9879
1412
476926
399366
12107
581032
40264
86825
16617
12545
446807
934238
587808
399796
410199
9530
15854
12403
9341
937735
368304
497984
515789
226448
785534
11571
25676
403509
19405
110416
339877
15516
5460
83
16394
25376
8452
27098
12253
496096
286687
218329
504608
387426
283317
126337
25678
9569
19824
728473
40723
1251
87502
409122
3035
213901
429450
886395
939356
351211
552269
35552
398175
4379
541568
13061
77499
9763
8676
521034
291549
8290
264644
2395
499726
421658
2334
2832
17529
11618
380124
11428
63197
8963
5968
6279
290727
140870
11635
874965
13382
12721
34583
44264
317925
138038
10157
12144
21683
10906
582
12211
10708
20441
796256
931285
64807
9574
347031
52212
407451
383140
5915
452832
22073
10810
257440
17466
11528
593035
438808
200
8840
804
1880
137093
411143
15655
4929
14926
1551
12902
262391
741067
22643
575264
227783
509585
40394
753583
10015
518755
46146
17609
926612
10204
258099
8843
192102
367816
9404
479040
794
172391
326425
327331
9884
597219
70584
472674
10829
663459
18162
584044
44363
625568
12208
511617
11979
255798
190955
414190
1729
364433
602211
1648
8386
409
150202
11829
11069
192911
10061
95608
575299
475132
638
901234
9292
467824
546630
45269
331962
937736
372049
13378
718840
170522
501907
8470
10835
13455
82657
246403
1272
203696
2112
27812
388764
10861
466622
12700
445077
10618
40805
474764
916563
436373
324560
150028
333667
10845
235704
2207
38843
286565
763
844398
58244
15196
289269
19901
83666
2649
592834
11252
271708
579
265195
10295
355066
722780
1541
1725
674164
26466
397722
7249
11551
55465
460024
10303
70074
1494
6003
314572
9398
358632
515454
31170
10053
11133
938933
31743
33518
5550
505954
13398
16186
279
507089
65218
82682
12500
10166
12665
10306
25318
586347
1592
5924
8953
16219
661925
918551
25793
241843
146203
13597
12122
203834
920060
360606
284019
265177
50725
10033
975
114372
297608
523773
60672
866343
12589
312793
16296
9612
188222
49049
114606
12819
172803
200112
212153
338676
487083
458083
1844
594634
65086
835666
559519
668780
612152
1696
398173
12110
582306
1547
10323
376867
595503
11825
2280
345922
24948
455411
335462
786
1969
259695
245706
41515
19593
19898
24001
919
8224
22972
8859
316154
10756
16620
14059
9285
668
9531
336004
529983
18311
26264
8271
12100
6404
49022
169881
43923
10538
1273
19585
757860
895744
509
11881
13486
446101
274109
79379
25913
7092
9428
13980
374617
11649
77234
664
530442
2539
37958
1996
10775
687149
889
596247
8195
763568
425972
573560
334524
455236
109424
4176
423453
452251
134411
227
5123
355506
9557
21521
9035
495925
29912
38810
481203
43643
477033
2124
204794
707886
9024
10539
10648
348060
1825
885937
10730
355547
433310
10734
11008
455043
104634
594058
101907
10246
37137
11637
9788
213681
519465
13333
227359
4584
316873
334
33196
375183
203835
611207
5038
134126
95610
104859
482408
494031
3536
795607
78383
338766
10423
406
435366
243914
391698
430155
214030
512901
6439
84308
348668
560238
523139
10603
9693
530
15356
446791
512412
811634
168530
14424
16790
401513
2288
103620
23903
13127
11675
349176
10142
169934
535581
319075
61717
12481
14365
586
30431
2266
492611
88557
174751
532671
1878
2976
13995
11683
11537
77883
122081
838897
5919
50300
196761
179923
44725
351015
462919
1640
714375
500919
9322
826
10372
13051
325189
651589
776654
4978
525554
13944
14553
50359
41965
9361
273511
130925
793
181886
410718
152042
401104
619278
8814
413543
501851
598896
551
9616
393765
821
814780
579828
9705
301872
779783
14447
14813
47931
4614
631939
437068
818750
76487
630766
10780
11260
599960
134
76333
11185
173
13018
331061
369196
421285
9369
1497
557946
745078
396557
11355
157353
943373
824
467342
65215
448341
80797
782760
746333
369560
18220
4824
560964
288158
4244
9280
2428
178682
353595
458
35690
49953
70338
673900
942181
430528
364324
317952
39486
332672
150
611562
37247
619918
206284
433249
109491
71689
17681
8583
357411
11937
4507
6068
393519
22586
246196
717634
574883
1440
768076
575094
854535
2652
4836
46033
21032
8914
449503
65496
812225
746
21733
466081
21452
394117
10253
4421
9344
9607
21078
175168
841297
9833
431
351901
936585
11077
306
10747
35685
15276
840
39253
13377
369300
866462
21422
255343
593
8845
85877
87826
889737
25059
363992
523366
677115
525
10147
425194
50393
13465
427900
24696
854363
282813
9516
934329
9563
205
14533
1378
400579
449563
1923
522964
47166
68722
795779
359471
17903
212168
323676
36897
11782
579741
277806
349158
457136
603119
239459
27583
353326
18781
372754
6623
486131
362826
118412
942184
934433
9007
9103
9550
834802
1817
225832
520720
517412
160588
7303
33320
9588
2665
21972
49526
11469
401905
395993
18015
11817
34672
497727
201676
32909
15262
994
10304
12620
14372
45408
596054
328111
76826
446829
505746
531593
198901
265180
385332
925471
606
300386
342917
347026
984
443297
2619
1213
258480
800712
460321
430447
1090
9009
571785
10851
105666
393209
622
388045
464882
505948
454615
10586
2044
17038
79842
11966
664031
212193
116
10803
3683
51170
165629
10564
703
500682
12657
302349
529485
410117
395458
387844
794362
81900
5528
12597
414770
471666
8975
14620
21448
7501
632304
560192
434355
17612
109410
775
1921
776552
376866
809970
26963
39228
22171
370567
11319
20093
432057
79433
225145
10537
208763
632931
243
342737
458302
4547
1957
1544
553385
448095
7350
5966
609197
14175
382512
865
271916
11031
9587
14728
20083
81481
3595
71469
12309
290555
9489
9080
1523
9986
674025
9767
11087
458027
8469
5289
114168
134597
452015
9768
20178
329289
507076
9932
106747
64202
503619
506
72013
12133
11967
11689
293970
583903
671039
859572
10007
329540
271709
283591
9562
9437
617762
940745
259018
690595
919702
10876
785976
345934
168
270768
288987
9447
11916
1362
375509
449755
82
350650
11460
224141
6589
4561
516850
751237
938
820
4944
9036
12227
9021
9651
17379
361159
97787
417760
347413
299245
14864
16314
429197
14132
312966
1538
22752
6620
12142
2252
6951
302960
252444
5781
522212
384677
824212
80788
338964
426426
476273
1705
9991
923787
1654
375355
12914
821489
76758
15658
28032
369883
49009
640100
77887
50087
433630
437033
86838
11317
18736
10155
452558
15257
9289
382581
254263
12235
4147
10647
60293
220820
314365
21453
16411
76640
170687
275601
64689
387840
284293
468202
15136
847
10611
216539
72197
10543
69798
400710
11282
787923
167666
18377
18707
10653
423988
376581
2022
257512
303858
13804
12795
11132
561859
508791
103269
152584
635
526019
2099
10923
6916
11543
17047
489326
515114
558582
701175
33660
11082
10735
10772
460885
301608
11589
9972
506072
79316
340027
559937
183443
10719
619592
9896
141043
37233
10258
663870
425001
1247
802443
497370
537739
226
23488
513045
1687
34016
693
21519
109443
84204
10481
97051
9463
9326
11497
159638
180863
11422
642121
1492
11078
7326
74849
38579
428399
806675
11645
336011
8202
10847
2320
54551
62204
76649
337844
8984
1396
55420
335866
329833
517093
11888
11615
296100
3563
79089
9457
9960
776536
1103
48266
10510
410554
569547
454652
13335
359412
696822
376570
761388
150117
437103
567608
575265
9384
9912
71186
38541
7450
13767
302
28209
357940
11033
11395
11411
9980
432383
10729
2179
10003
560066
390635
257447
440472
506528
385281
13363
11859
29426
263109
16763
66125
550524
824920
360404
294963
289
10753
59981
97430
288036
963
7090
8867
155084
461928
11547
444713
77495
212877
382598
595
10158
658009
317744
11026
2046
400617
671295
9913
360387
9058
9708
9954
58235
74308
10336
511785
14410
460555
1389
301
9064
1807
198277
3594
139567
761
9589
413198
11704
7364
426284
455714
13190
4226
355020
649
37034
672761
40171
228968
677430
10199
10357
228973
11901
484437
422
344041
599845
493551
20878
9522
476764
13491
15159
11569
635731
680813
401847
865371
10329
536869
549053
336000
113
923049
269148
9886
11878
4961
372343
369557
10035
519010
81836
349498
886083
11895
164558
10160
596161
12627
526
11652
18857
51209
882096
59961
9331
257
2655
24248
2103
13600
10536
381
9560
153
12159
13962
74018
876103
472454
21301
2614
117942
10292
38157
103663
778922
9282
24056
763329
351044
243938
314405
571384
76
9870
260063
387592
449924
2604
12699
10141
3040
53064
443463
11017
412988
241254
292011
1678
9703
24253
359628
369192
10404
11950
18329
10377
10587
783
7457
528949
18487
46705
37094
83705
193613
527729
585213
520172
244506
303542
508935
353345
844
16791
250574
421792
32022
26843
689723
16113
431742
10616
2447
152792
283564
65055
466485
27793
15860
23759
11540
11158
60816
9264
479
144
21450
451915
50507
405314
13928
12228
687920
416234
865140
9075
617505
301846
818480
352186
10048
241239
11867
9710
6435
573730
2642
711705
606234
19186
212162
463906
10145
759923
289712
475
14399
933861
416477
1542
520900
1443
766208
9919
395841
14320
646593
24833
33871
398181
16167
296626
11309
246741
170657
491584
18725
671269
505600
8054
5393
9529
10398
78450
50337
8321
32985
126319
95993
10908
44221
14635
26388
178809
298382
568332
313943
817772
286532
2362
895
778810
8265
45453
16390
10986
9766
3034
437375
3001
202575
33583
103370
20530
13476
877703
685264
318781
396461
364708
62838
587130
4517
79509
9642
218778
10057
214758
9796
13199
8849
2005
399790
39412
137321
6878
226857
301804
37021
658760
6557
14903
461054
227300
553608
828378
18881
10757
11694
15359
653670
38684
53985
30923
4959
504056
2176
9364
20677
60964
284995
10576
11172
401546
157058
8619
16198
5070
27854
466876
443700
15213
9208
390061
8766
70587
582927
12090
452
18093
405177
721045
10025
939256
148151
458109
246355
615801
8738
330141
525657
9726
339987
453127
10973
451925
3116
11450
22971
449574
11548
504562
101267
12707
26127
595985
534072
699249
10843
11449
538207
29657
411221
392207
550201
436274
9423
5902
9681
15392
9293
397415
10134
58151
602147
11377
69668
324963
75736
475946
147773
928270
546230
257932
10619
107406
872
628534
135309
56590
552660
9359
699174
10366
503902
463053
326
410118
9838
864
322240
501979
403052
134632
421057
806690
626
11259
43194
599
28597
261103
8974
9952
367206
526007
29917
85373
264525
14756
14695
301355
900783
543033
64678
68810
43933
616820
699204
9086
270413
253450
571468
290250
330070
188403
244267
475220
556984
10156
35588
401200
532814
267467
392
10748
114953
846238
394723
1580
4808
77016
327
87584
467632
740996
1408
389053
259910
734265
17898
29896
286554
631060
122126
38842
511343
575479
8388
10072
12193
5156
9396
14943
10617
236399
449664
380
654571
11708
426618
237756
10297
2312
30018
11165
1879
437620
199753
10017
50671
612706
11023
357397
732721
512343
33909
320
10376
308639
15641
2623
1164
63493
5227
11209
329824
48492
62764
254201
828
13156
6538
11873
13805
718444
413471
408194
521720
470229
1632
520576
3635
25103
9718
9410
921
11344
592867
3591
487558
45662
455656
222936
515916
31867
26877
227707
2003
524247
489430
391629
327418
489929
638983
228805
16638
911916
683641
12689
222724
660637
16456
470
52454
630566
9059
24480
604605
537971
11152
12663
111969
785544
824853
10313
4546
146381
39345
11471
47406
468
48034
9101
585077
446354
11358
301748
901
736280
348678
10207
830
2064
146223
7304
768509
623
663712
28966
80706
13855
776527
535
60308
466550
379220
4958
9869
25716
26648
663124
869623
510298
12289
9411
396493
1125
11977
16664
19766
891627
267806
434119
273831
8461
2269
9966
300687
655
140818
11678
14114
138
18874
64685
256731
420260
234
615165
635048
5458
11113
562446
450489
4960
375785
282631
93
1598
1679
28324
36092
382748
376134
393624
9044
758025
271
9584
10044
68734
141733
355277
18533
351145
18670
32823
433627
377447
13496
32037
620249
20196
791
9647
278427
152581
365045
910
638045
749004
4148
24420
24163
513386
9963
503210
4689
901908
489939
430161
10984
551478
382399
55787
16614
51822
8836
10877
10353
528985
11197
609338
11495
11005
420245
532865
284
1694
790
159117
539651
8882
115084
64246
517764
4415
653658
18890
87436
42661
11870
456750
16340
778870
9676
166
331588
9429
234284
30959
39020
1433
20766
438259
399174
8691
35102
472715
64586
88005
9900
238751
936621
152603
306745
723895
5820
493006
2924
451997
10704
378112
913880
300667
384401
1574
2323
11687
10393
80585
334376
12609
614205
821664
7341
38473
11327
388440
442987
11697
54270
423087
9542
608654
670266
533592
453755
624798
12085
457955
19042
14787
295011
73358
507569
6948
227257
426285
14537
463257
11983
288
342126
527400
14310
11508
41210
371638
511322
10652
449459
291270
891
548755
21835
5
2291
10997
10658
11814
19972
8489
9691
11081
16335
551298
463684
70841
621984
10651
18086
649394
457041
10396
490
8879
9815
21755
40170
2637
50456
385360
687
494656
9599
4512
50357
38027
285733
10395
13360
28739
11564
13022
308447
11848
354110
10185
10122
772173
3090
25756
22371
27573
34494
71
13665
531503
313922
10660
1499
132363
11706
375315
548
472876
30331
115210
11896
12763
604872
348389
65364
12163
68555
209964
867
10326
41505
329981
6038
321697
303991
787298
524708
11228
3133
11846
62215
391626
17835
34806
550738
9040
196024
429174
444149
18374
2640
357400
13310
94901
492282
4643
445040
97367
616803
4823
11012
20618
97434
2122
6933
6399
881198
25074
76494
11009
561546
582913
746422
14543
128876
353576
11509
251783
119321
450322
421
296098
223
11827
852845
403300
260339
636565
20694
67911
20856
402697
428446
15485
42113
6615
81684
526052
8427
354072
13374
50724
552532
14123
11379
402200
5889
31046
9394
16307
9038
230652
728144
3053
72976
374609
8051
586101
11780
643
10486
15139
218726
9441
84188
6723
26662
1714
437291
450932
565179
483104
560704
637157
13189
13531
698009
239571
639250
9957
10312
411728
352492
399612
17455
308032
313074
339419
75674
10188
479626
34469
446159
354279
331583
591237
554581
13613
258670
280996
10559
17277
18148
11002
654299
2493
13122
458534
17483
10836
41876
9494
465003
3177
9955
18674
50022
776142
430354
11075
30131
10206
268920
285423
168676
631997
436459
888917
11897
791348
536743
308504
103332
418879
10673
301875
577242
86703
48844
122401
701524
612
13812
11653
14113
429422
507441
623511
481871
6964
9909
341006
221912
295592
892342
205048
42979
244688
28211
419835
10944
136
693827
394830
8967
294993
575604
2605
601470
325789
20737
11321
120811
480434
10400
28325
11120
9722
515841
420707
14211
20043
89708
9304
437
610461
172329
25556
11953
13391
13673
8424
8872
257874
793256
236737
297558
713
444902
943491
69
525686
119569
11934
482150
9671
4437
10761
19277
337154
583
651070
702525
13813
11820
11419
889080
9622
287004
169219
647785
10766
2926
14746
41428
760873
896392
11845
291276
9922
3134
21484
347033
9930
377448
411638
440596
9281
90369
15544
16288
540158
336455
298583
7452
12120
1900
576
79443
347866
8327
823
15058
157370
9882
57431
59387
1092
19933
10776
11624
11329
403
147
15019
440762
17336
320588
537655
10394
12561
269795
49494
7873
10351
492565
624
10331
12501
293646
592
17894
61185
60062
9801
97370
550440
97512
50348
431572
572164
28460
12702
63700
34942
41608
10760
31347
10622
227738
10794
407620
2116
13691
68
11638
934207
37221
2026
9585
244852
1680
228194
433502
6961
758902
531380
260516
363126
9662
12192
138376
3777
331446
36073
77321
38093
10869
241842
8079
14749
192145
362105
206563
554908
463602
269
15402
435841
344268
627093
287284
653725
547
19124
245913
333352
351523
9266
24264
936643
287084
552938
9624
371645
631583
376865
167581
695958
37632
319888
401561
3432
32528
11568
401371
11797
20770
145220
818370
182873
11576
401545
2289
505192
13012
426865
14367
71677
85889
6069
37257
654
21786
28665
15035
81250
5725
37865
392216
1832
165864
21183
299
743601
456048
797
9842
10226
13025
10397
455650
308369
347984
387824
15268
9400
595671
438674
308529
568467
38985
1936
6415
13706
5375
19548
7972
10784
3082
9395
50839
9333
273653
13350
17663
10238
5764
447061
16
332979
11085
24556
107257
428449
903
9894
244908
916
982
773998
11673
26953
86597
25087
35614
185474
9964
10466
107748
13981
233063
968
10449
4349
18835
152742
14913
13342
38051
431261
17443
43020
17124
554739
9876
412209
724989
11286
10477
36685
44603
11826
21793
46429
532327
15067
11837
36865
7227
10220
229407
506596
123103
340103
7229
428836
855096
526050
17927
35854
6520
489925
9090
40508
297090
759
401544
3763
335791
349045
508422
803923
64639
424488
934085
333381
5994
438660
10644
810731
1430
80271
333941
11164
71883
364116
46838
402897
415010
9969
10468
228203
11425
623195
9545
1024
45958
207192
419704
217923
144616
429733
115969
13253
81025
8012
10153
115929
2043
28512
228088
390497
6278
13192
376424
553
2657
310593
12538
315846
289728
11335
11128
165213
587562
274479
364150
442056
11802
9298
503403
695596
683042
11892
75571
11015
8094
309245
37565
32293
98948
1965
13828
22907
1989
473637
12521
508570
245698
9449
375107
455
2800
17897
347849
14373
482936
9386
759989
14462
2616
9406
9460
3084
8005
10547
15045
4105
12104
13489
20271
36568
74523
7442
513736
752505
11584
16136
272692
58231
614
9929
703134
9592
10675
9474
6644
11893
13204
596
115348
342927
1672
10650
16535
294457
457840
4909
691302
10316
124459
20096
383121
438857
239573
805957
9667
491472
500840
21717
13969
146238
930253
333348
3293
39939
7520
10589
340487
19823
589681
33613
3489
175
311667
431112
5916
20873
524659
4241
18172
18438
614560
432300
7508
11864
9672
68449
413658
229
499088
25741
452765
460316
338
227735
254302
1934
18147
136735
268092
11639
36401
866127
202220
49852
199420
587301
261023
691677
197950
9781
306947
26688
10438
418078
19848
338729
13153
22611
479259
506863
10361
10592
13931
17993
366644
36086
435615
479226
413998
255160
43919
55292
18628
88794
34311
11348
515042
91745
9611
411741
507505
580600
399905
541305
22094
352501
15802
18747
29154
664574
499
17661
575446
11574
644479
22259
419700
686487
166747
37725
10333
9556
502167
439
10833
1406
459
11034
11163
11027
12920
51888
12779
576784
14817
10571
18183
1361
10578
25988
635237
112949
3036
13155
11006
11502
587693
18316
14924
478860
521647
265016
718400
2453
4771
12475
227156
648
9407
17457
11913
11841
12212
26945
9699
9890
2609
746817
411976
13939
531299
497467
2119
3782
45202
4566
252391
399300
42501
702
9944
40466
448432
1902
567910
585311
394759
857316
340176
487702
11963
59053
155217
661227
315664
13121
524653
604578
16808
18843
293452
127544
22897
175774
331576
480857
46445
334527
10714
7219
502033
611605
792237
15384
30178
34560
414453
19698
191561
306952
312831
51991
1875
306264
377263
164457
1907
353074
860
34750
10912
11835
220882
11353
14047
652962
48246
9042
10889
85350
290637
327029
1968
514921
8398
94047
541099
87093
75802
1997
12650
17814
152747
428125
673159
12102
26655
73454
451995
11463
13768
268899
520788
16372
45242
845
278774
13345
829729
143
15003
438463
43436
46829
5890
1792
518527
13934
295151
246
11968
152044
253310
172
23916
8338
85621
399248
442133
199373
535265
14979
104755
531326
602545
23048
7211
17314
72391
512936
1791
137773
882878
18392
300424
483165
437380
15775
20771
2142
627879
575842
472983
8851
35169
833237
11170
652483
9822
468816
624479
361745
17473
2313
8699
3784
10136
59457
3064
410988
8649
11384
118957
24411
12613
342521
568100
7012
851281
45657
2067
529962
11712
50850
76180
219572
3114
656113
23742
565310
926
733317
35002
477666
167
12797
581577
827315
428493
41382
42309
95170
433501
18993
10032
1429
8066
565743
205321
505579
48466
11527
11066
499191
496
575293
41387
13825
10822
42384
14207
14392
301056
13689
14177
374473
623926
444539
934307
429460
517034
14126
12435
455605
34314
10632
9893
103328
46020
2433
37757
414191
29817
418827
539619
359228
205601
483983
2018
180305
356334
9053
10952
25983
10546
16222
26428
31417
475759
521007
9092
14219
597856
6641
9448
17058
475888
265189
573683
9605
11064
19403
9576
11092
40912
270487
437217
11891
71688
1480
24655
15060
622230
557972
38251
418680
10677
339397
10535
14028
447113
943158
25998
38319
51588
574207
609734
256474
12537
8010
46738
436387
4482
328425
157354
604940
833393
12335
24742
10605
13006
547012
85872
38582
227700
10878
456611
7461
18763
48625
24238
287233
1788
12101
371051
381696
398289
5241
9517
14844
20811
19158
607844
110
15263
659067
347629
111083
653598
158
58767
35688
437586
19366
30575
22201
20069
815762
10514
403232
248574
285783
550412
18975
435129
18882
422715
49948
214761
15877
6280
610290
16266
502406
10375
32579
232
6552
521
12780
10067
53896
456403
16562
537788
8989
770742
491283
526702
421447
9501
11157
892317
10687
11644
46332
35717
934573
19595
377275
4538
13702
234004
7839
8346
43960
641250
801
11658
12783
81003
934607
17305
14362
5279
156700
210769
362703
252512
399725
4477
26371
11517
8834
157841
2925
11546
28676
672647
939945
8831
619022
14623
336445
2440
931140
9393
38955
523781
10339
19594
9541
565989
821936
336
1394
44564
283587
934662
33473
14024
11040
10852
14008
433247
18885
9427
11202
11874
545143
821510
15766
39013
333357
20283
83938
11483
12651
20762
657713
522320
10678
12764
876828
3107
681772
10280
339095
445962
575222
123338
424781
30295
426814
10579
11975
811631
575138
10150
14299
9458
10706
231
77617
76543
519473
9945
297708
532812
581420
653744
17911
407447
49214
17169
291356
20815
20539
378111
409387
333623
36834
9787
429662
257345
262743
330764
962
39977
324284
342878
73530
631322
74534
12311
509598
462104
11456
2000
203
14052
15873
693134
641
1682
94380
26390
11349
616251
681022
454650
11510
382511
17108
10437
16325
806643
351809
154030
39205
504175
458737
93127
399363
996
514619
19139
391262
63193
12097
68684
11880
13827
124470
9571
627463
470610
39346
624899
2028
557940
6973
344120
12154
440642
476678
11000
13260
291328
16161
41343
95935
13922
421471
5910
8291
47854
18917
14621
80038
91333
39874
8409
245703
496032
480210
500904
628446
3525
17984
62459
925
14539
9559
297580
308638
8675
143310
17618
423612
9271
228970
2137
10023
222899
405869
517839
76170
50217
11542
411135
10654
11208
22029
394223
2007
109421
13754
2860
469274
754433
241868
15898
40925
254172
411999
412547
10447
45192
70667
9923
283601
46853
258750
9434
38780
10731
25754
454467
556574
36225
141867
10236
13633
341735
468224
3603
41592
917070
319314
622386
24750
414977
225728
10154
653567
6972
28266
513576
995
5544
97375
14821
651245
14070
295887
460059
21935
286387
352885
12201
127867
11232
460557
11296
487680
5471
12113
89185
10685
21500
71864
1285
19610
31646
857308
81529
1649
9008
101669
542224
548928
16056
252178
9779
76535
880156
20421
19877
505904
34003
229408
247
12310
60243
524348
317557
14396
293644
35648
4474
229839
270302
652722
734818
45288
77948
366668
256522
576920
9548
244063
24126
13655
27088
48773
70586
14012
357416
94352
653756
8952
15764
22102
269494
48572
373558
472838
616885
10345
402298
14135
15809
433413
12103
419566
641662
295964
388427
576071
465109
5203
11935
935069
461992
86829
383585
586461
472338
8046
75623
10724
11072
10779
448194
633
461714
9051
821955
35026
17774
10074
19086
934336
1833
26275
420648
15708
9644
96984
11010
11171
447102
330483
9674
5923
310135
14538
17343
45287
11313
484638
242095
24546
337703
210258
421632
13092
2294
13020
669659
11982
132137
39862
11775
271948
20921
9620
11076
68942
662334
532
128136
590
299513
438436
7007
9973
728118
690846
10180
9759
20726
10473
18032
426238
489932
360029
515248
229297
26881
18113
28808
520552
4708
10210
16157
37753
26263
243940
35052
381034
760
9988
36245
429417
18731
44587
9665
403510
2786
11074
35119
585759
129139
8222
441531
26175
514277
10818
939287
912
11368
38542
10768
18983
11169
429189
52744
8987
52274
618019
11518
113594
502235
23521
4688
429476
70578
500656
9424
67203
100
44835
693158
6877
158999
88273
791469
820654
7985
11625
1594
11894
450509
79694
492613
11386
14237
31906
533992
21862
10426
27318
11439
31135
398924
26177
16407
10606
71763
326396
2690
13466
136793
86837
31685
59115
276839
44982
34653
27297
407559
664300
60658
467012
497916
706503
1619
179
4806
20334
586863
6522
68727
336845
3089
10161
345923
10337
39462
14172
9664
10627
574982
636
45712
353069
2275
440777
12187
101179
567965
390584
29564
429191
631346
1858
2321
8440
8874
261101
333385
586707
12205
69778
73961
218275
14035
16652
457262
232679
239367
304410
8491
19904
342474
553141
18196
133336
359784
572667
473
17689
197583
474354
588073
246860
296065
146229
11842
84105
9464
470639
1381
13803
644682
694943
9294
9656
32629
2069
61891
91865
435800
466
2001
31608
705
459928
2768
385736
98022
684420
7091
466190
196750
14819
29756
22004
56906
245473
375867
18167
13187
303
85545
394355
25649
3109
9466
340674
12089
16241
401246
259611
399131
8090
128868
174321
209244
737802
493100
11484
22160
18406
531
195269
351454
481031
11467
610704
54597
49763
11915
9311
276905
548544
437670
16774
18238
102207
11119
18289
13576
16559
37708
182026
11287
711715
2789
732439
512
246080
36576
291860
26593
214597
266396
44027
2669
19738
27429
32613
267192
1863
492621
14412
11047
19413
1450
11860
734442
573787
1040
12246
13704
19169
89501
10860
46929
15028
661950
62630
421473
24328
508330
12160
10028
11156
11246
11971
15018
23706
869488
9829
82525
9367
707610
53566
417028
12539
2274
11931
47333
118612
426257
11037
1883
435126
8690
14883
34376
7984
74842
366141
8457
486011
258363
9270
24481
31952
54553
265271
64
9570
12277
12715
243684
504
63749
939057
27902
54113
37861
480823
571655
634336
485337
25682
11940
21348
318121
245
455974
246790
39206
44092
16455
25095
251516
14055
52010
489064
811
12493
278698
346709
941852
15590
49950
132923
104524
1644
460071
13483
674986
849777
831979
16643
54559
63207
505707
6949
16931
49225
383709
1365
11472
457
12093
12123
284536
23383
36199
407448
437042
102629
31473
388284
440161
11522
459073
115782
270007
573435
12593
2100
84520
34751
146015
190847
534780
538604
13279
343977
39863
358344
438740
13920
8555
11336
330127
373226
1909
28580
130150
1266
17247
365995
9079
35371
1642
11385
11541
292431
72334
14097
4518
80295
366696
390056
324807
29723
29005
407531
939471
297222
317560
581859
46581
10649
73500
109
82505
639
27277
138960
560008
724717
11601
333674
24405
32302
503917
3179
164251
314385
11853
41308
404785
10549
556867
1245
2977
401698
7857
16850
294093
1715
36095
86184
10367
11560
18320
244458
673175
934344
438396
500006
492008
654754
15413
12485
610394
18839
300153
105768
467952
944017
356300
674607
13757
209269
13413
133919
14370
535356
14885
3126
15582
16723
50135
154
11594
823461
316269
1052
56743
582218
61202
656563
12705
122293
309924
360784
44678
726940
9941
10740
38661
10257
28635
269242
20803
142308
778657
11851
21362
517024
340357
11215
24795
10680
17606
432613
13701
16269
34647
3085
10787
16463
149974
10518
10488
10945
19542
82687
267793
6575
9582
45132
785522
10646
13492
27400
40751
323370
37964
432527
811656
356486
549294
18215
9978
47909
12158
13062
17332
366799
18222
14061
55890
12639
122583
522039
360814
745527
1534
333386
480572
27681
9357
916821
463088
449756
611291
22947
321741
330947
2462
172226
387773
644831
961
35138
426338
151870
9433
360603
1415
120852
339396
913
448916
11657
363579
382272
48669
491633
14603
383538
1088
18573
11651
47599
8852
523077
12531
8270
934714
404
11160
517327
10692
13150
31642
23685
55215
403964
35025
312791
415312
8850
14136
10102
185605
8408
13933
385320
10328
26715
283686
927105
719410
427342
610643
10854
985
244316
2087
31203
445456
273899
9288
13498
19494
11884
2149
784393
8285
438
290841
14029
14433
8592
15785
80
221
10133
11536
12508
381325
934294
773
15301
928549
431072
50126
360737
16672
31283
42188
436994
377587
9754
5205
18019
26515
441384
8072
11167
500860
505706
310888
911581
204
1165
333354
11455
25562
30128
653024
11948
455108
4255
2788
472815
8978
397517
26594
13929
2575
77949
84383
2900
11573
23082
14709
3537
255413
504075
37961
300823
38368
53567
563710
30141
623464
473902
565716
489930
2728
528644
67913
393748
10890
233
739405
269650
300602
46247
74643
548537
17474
17335
9504
16392
25749
62564
253295
424656
244539
9438
1689
19064
814205
10640
59722
8011
305932
1647
26842
9290
298031
9043
10050
410129
20789
242606
819500
354743
3989
15515
944421
26932
13564
81390
121824
795
773655
10806
18627
11162
11507
27259
438970
1727
38363
15119
72477
271714
30618
24740
411802
36599
46503
912223
303437
13763
614587
8997
51736
14168
34223
48624
440298
17710
39456
417812
15767
286189
37530
23919
839829
19344
1946
5680
420279
607430
941171
19157
11702
7974
3573
10728
374052
258947
15247
18209
13698
15849
29437
354859
10227
7913
11372
72984
4985
379
163772
570292
250734
371236
305943
42801
595216
21035
382501
347642
33409
15184
527
20986
940389
23160
14945
295315
658412
765904
6691
539181
15022
64847
2621
422766
15487
26497
299054
9989
50698
378
1262
651
426808
432616
24794
36679
11791
12924
214910
37588
424649
287
38357
369523
408567
5852
39264
526224
2163
13389
31439
16081
513399
32054
933963
9573
15556
40829
153738
9745
16246
467660
46138
550385
738362
503346
364046
10005
501190
555790
446696
42040
401123
476631
572751
660006
100683
411736
25566
226948
1537
1683
499319
219
10115
9440
11400
15021
15077
13967
10383
452030
418667
482
13300
27064
14342
60898
12560
916568
608994
25750
72246
497814
1872
11828
15705
19167
320048
9037
10954
18299
31606
199534
18665
4413
502682
939949
2212
11091
940519
5971
11481
152737
334532
11943
816518
11866
515724
8973
15934
490594
418472
10344
14208
352490
354251
11356
332
10785
104154
4235
28571
290729
13823
244784
492452
565916
25868
19724
5552
441728
765207
592643
941264
800410
910778
11316
17824
696
271674
298584
940521
34689
4291
8092
492449
6217
265329
347158
8416
10596
10669
21634
19267
8223
8130
25560
11177
8446
595975
11003
41419
327593
457943
621707
7010
42190
328739
12919
300792
9844
16094
37932
10553
16061
60309
113947
67660
236
20755
32593
263132
321068
148
374856
11071
317903
1688
11902
11974
253235
8833
537140
14677
177494
36868
10406
12496
531509
11352
174316
241257
7548
287649
33719
65229
401743
14140
158445
33521
27233
40085
803104
1059
629277
10905
346671
881554
9817
9918
31962
326285
426249
27586
396810
545237
11236
35038
75177
84200
189204
257747
2055
10782
990
11065
270698
481375
18331
30062
519956
717675
837
20
13320
22798
420623
25866
14784
28004
10642
380764
451877
33157
812031
134764
14452
2011
15797
104846
477887
924482
18804
11577
20857
139463
25538
9296
9872
605373
4816
12519
523977
15804
1677
9469
30844
489243
574
10126
17538
10774
17740
9682
672208
1985
11044
12658
25508
77635
423878
16608
22998
41411
15644
28302
324562
927112
413857
3172
11648
10898
8288
8047
8326
15163
12312
613090
22821
376004
457962
526746
5137
99
4193
55156
23220
1051
21661
76349
927176
13722
18555
12889
30421
32093
296360
408439
615761
640146
24929
10104
1870
57703
108726
17915
24662
15338
20992
168705
11018
2757
15393
9824
378240
1600
660942
13715
16520
150024
857873
10949
655187
566451
46521
77953
1819
11004
21778
272435
26178
11258
902
12661
64252
290
11796
15143
438455
485296
1483
47735
6020
523873
55892
458131
26817
543084
9421
16769
493065
9041
437108
720755
18118
419706
105077
443009
15947
892150
12723
283227
370978
44147
348892
730154
919590
17711
768147
16619
22383
11121
17130
425591
253626
294016
422821
20532
2259
5157
8818
19067
4551
274
1413
34179
367462
77875
291984
11244
560391
13997
42700
24008
411144
2148
435995
780154
340104
394684
29778
945331
622408
265169
301728
512263
16229
2470
394110
11986
848886
2193
63315
432976
11908
20575
98299
229756
650031
309304
337556
476335
862193
43920
626393
261
2565
15527
2054
4923
12129
15267
403570
14547
759902
28764
75641
507256
634544
826942
140
1653
146578
567733
77974
42149
939720
341012
232572
247788
121674
447105
831
14522
10243
30074
505177
17465
19325
25934
13936
82696
9873
11371
207686
13524
16028
425148
93828
14753
440626
57982
9262
362057
36355
635389
1259
435707
193
27601
531145
509080
10985
27740
558574
1667
19554
51200
435011
13778
40377
517468
334517
12775
10385
12268
489931
14459
698410
435365
835112
59468
291351
363111
8844
433157
628878
25396
26258
42172
4174
26444
28479
9067
17436
41582
601165
943379
24801
151512
78047
169607
898
12591
359790
163382
534259
565527
611395
766534
340677
792517
12628
450477
563067
13499
50346
250066
256924
542
9981
44450
11663
12146
42236
19508
42740
1283
212156
13548
42006
12165
15037
48287
364220
9443
825808
250
461708
347847
940528
4498
13667
39285
346658
5488
1556
17258
583268
10868
1075
24803
30943
11854
60420
430474
18721
451751
12703
17264
289416
11862
290751
92060
33932
291413
35196
263945
2654
3902
11899
323260
5185
364051
41586
927197
2984
513584
940385
5851
24873
121875
456616
46315
751793
9546
419303
21512
10641
259074
941175
21629
703155
851
16110
52686
209262
11532
934716
146227
373546
5780
14429
940529
80601
15668
9445
11815
72912
11951
14400
413362
451563
421131
941303
551332
606876
40342
419446
41003
372411
429691
4254
14637
3529
940513
940531
26325
286817
353569
792001
10839
11616
941000
943375
983
12145
109417
652575
940515
940520
940525
940533
941310
301372
940396
940518
941307
480403
11141
604563
3780
13168
8316
12127
294795
11188
940379
940390
940392
941166
11936
11020
118737
711963
941463
39266
103731
10234
840964
299584
430424
483184
11462
75338
553592
11686
934712
17680
934711
340022
44639
939952
939953
4599
55470
9302
825758
579831
630220
5335
15613
348346
11597
892
6028
1939
7874
10215
39957
423502
10223
260202
12619
254375
450487
13163
15648
340601
485774
724334
376166
13008
628333
443319
14475
332704
724089
1944
5854
12262
11535
41180
353979
46665
169813
246594
9346
29987
37698
127517
27932
40794
453191
15189
24920
37280
429467
77221
11314
162095
205588
641856
3080
575828
10604
27324
283350
13910
1808
514466
49397
33680
279229
931
757
10359
15596
290762
1852
387848
19004
458344
19142
712454
18615
40724
41211
442495
347183
